kldata<-list(list(time = c(0, 1, 2, 3, 4, 5), stage = c(1, 1, 1, 1, 1, 1), cov = c(1,
	1, 1, 1, 1, 1), len = 6), list(time = c(0, 1, 2, 3, 4, 5), stage = c(1,
	1, 1, 1, 1, 1), cov = c(1, 1, 1, 1, 1, 1), len = 6), list(time = c(0,
	1, 2, 3, 4, 5), stage = c(1, 1, 1, 1, 1, 1), cov = c(1, 1, 1, 1, 1,
	1), len = 6), list(time = c(0, 1, 2, 3, 4, 5), stage = c(1, 1, 1, 1,
	1, 1), cov = c(1, 1, 1, 1, 1, 1), len = 6), list(time = c(0, 1, 2,
	3, 4, 5), stage = c(1, 1, 1, 1, 1, 1), cov = c(1, 1, 1, 1, 1, 1), len
	 = 6), list(time = c(0, 1, 2, 3, 4, 5), stage = c(1, 1, 1, 1, 1, 1),
	cov = c(1, 1, 1, 1, 1, 1), len = 6), list(time = c(0, 1, 2, 3, 4, 5),
	stage = c(1, 1, 1, 1, 1, 1), cov = c(1, 1, 1, 1, 1, 1), len = 6), list(
	time = c(0, 1, 2, 3, 4, 5), stage = c(1, 1, 1, 1, 1, 1), cov = c(1,
	1, 1, 1, 1, 1), len = 6), list(time = c(0, 1, 2, 3, 4, 5), stage = c(1,
	1, 1, 1, 1, 1), cov = c(1, 1, 1, 1, 1, 1), len = 6), list(time = c(0,
	1, 2, 3, 4, 5), stage = c(1, 1, 1, 1, 1, 1), cov = c(1, 1, 1, 1, 1,
	1), len = 6), list(time = c(0, 1, 2, 3, 4, 5), stage = c(1, 1, 1, 1,
	1, 1), cov = c(1, 1, 1, 1, 1, 1), len = 6), list(time = c(0, 1, 2,
	3, 4), stage = c(1, 1, 1, 1, 3), cov = c(1, 1, 1, 1, 1), len = 5),
	list(time = c(0, 1, 2, 3, 4, 5), stage = c(1, 1, 1, 2, 1, 2), cov = c(1,
	1, 1, 1, 1, 1), len = 6), list(time = c(0, 1, 2, 3, 4, 5), stage = c(1,
	2, 1, 2, 2, 2), cov = c(1, 1, 1, 1, 1, 1), len = 6), list(time = c(0,
	1, 2, 3, 4), stage = c(1, 2, 2, 1, 3), cov = c(1, 1, 1, 1, 1), len = 5),
	list(time = c(0, 1, 2, 3), stage = c(2, 1, 1, 3), cov = c(1, 1, 1,
	1), len = 4), list(time = c(0, 1, 2, 3, 4, 5), stage = c(2, 1, 2, 2,
	2, 2), cov = c(1, 1, 1, 1, 1, 1), len = 6), list(time = c(0, 1, 2),
	stage = c(2, 1, 3), cov = c(1, 1, 1), len = 3), list(time = c(0, 1,
	2), stage = c(2, 1, 3), cov = c(1, 1, 1), len = 3), list(time = c(0,
	1, 2, 3, 4, 5), stage = c(2, 2, 2, 2, 2, 2), cov = c(1, 1, 1, 1, 1,
	1), len = 6), list(time = c(0, 1, 2, 3, 4, 5), stage = c(2, 2, 2, 2,
	2, 2), cov = c(1, 1, 1, 1, 1, 1), len = 6), list(time = c(0, 1, 2,
	3, 4, 5), stage = c(2, 2, 2, 2, 2, 2), cov = c(1, 1, 1, 1, 1, 1), len
	 = 6), list(time = c(0, 1, 2, 3, 4, 5), stage = c(2, 2, 2, 2, 2, 3),
	cov = c(1, 1, 1, 1, 1, 1), len = 6), list(time = c(0, 1, 2, 3, 4, 5),
	stage = c(2, 2, 2, 2, 2, 2), cov = c(1, 1, 1, 1, 1, 1), len = 6), list(
	time = c(0, 1, 2, 3), stage = c(2, 2, 2, 3), cov = c(1, 1, 1, 1), len
	 = 4), list(time = c(0, 1, 2, 3), stage = c(2, 2, 2, 3), cov = c(1,
	1, 1, 1), len = 4), list(time = c(0, 1, 2, 3), stage = c(2, 2, 2, 3),
	cov = c(1, 1, 1, 1), len = 4), list(time = c(0, 1), stage = c(2, 3),
	cov = c(1, 1), len = 2), list(time = c(0, 1), stage = c(2, 3), cov = c(
	1, 1), len = 2), list(time = c(0, 1), stage = c(2, 3), cov = c(1, 1),
	len = 2), list(time = c(0, 1, 2, 3, 4, 5), stage = c(1, 1, 1, 1, 1,
	1), cov = c(2, 2, 2, 2, 2, 2), len = 6), list(time = c(0, 1, 2, 3,
	4, 5), stage = c(1, 1, 1, 1, 1, 1), cov = c(2, 2, 2, 2, 2, 2), len = 6),
	list(time = c(0, 1, 2, 3, 4, 5), stage = c(1, 1, 1, 1, 1, 1), cov = c(2,
	2, 2, 2, 2, 2), len = 6), list(time = c(0, 1, 2, 3, 4, 5), stage = c(1,
	1, 1, 1, 1, 1), cov = c(2, 2, 2, 2, 2, 2), len = 6), list(time = c(0,
	1, 2, 3, 4, 5), stage = c(1, 1, 1, 1, 1, 1), cov = c(2, 2, 2, 2, 2,
	2), len = 6), list(time = c(0, 1, 2, 3, 4, 5), stage = c(1, 1, 1, 1,
	1, 1), cov = c(2, 2, 2, 2, 2, 2), len = 6), list(time = c(0, 1, 2,
	3, 4, 5), stage = c(1, 1, 1, 1, 1, 1), cov = c(2, 2, 2, 2, 2, 2), len
	 = 6), list(time = c(0, 1, 2, 3, 4, 5), stage = c(1, 1, 1, 1, 1, 1),
	cov = c(2, 2, 2, 2, 2, 2), len = 6), list(time = c(0, 1, 2, 3, 4, 5),
	stage = c(1, 1, 1, 1, 1, 1), cov = c(2, 2, 2, 2, 2, 2), len = 6), list(
	time = c(0, 1, 2, 3, 4, 5), stage = c(1, 1, 1, 1, 1, 1), cov = c(2,
	2, 2, 2, 2, 2), len = 6), list(time = c(0, 1, 2, 3, 4, 5), stage = c(1,
	1, 1, 1, 1, 1), cov = c(2, 2, 2, 2, 2, 2), len = 6), list(time = c(0,
	1, 2, 3, 4, 5), stage = c(1, 1, 1, 1, 1, 1), cov = c(2, 2, 2, 2, 2,
	2), len = 6), list(time = c(0, 1, 2, 3, 4, 5), stage = c(1, 1, 1, 1,
	1, 1), cov = c(2, 2, 2, 2, 2, 2), len = 6), list(time = c(0, 1, 2,
	3, 4, 5), stage = c(1, 1, 1, 1, 1, 1), cov = c(2, 2, 2, 2, 2, 2), len
	 = 6), list(time = c(0, 1, 2, 3, 4, 5), stage = c(1, 2, 1, 1, 2, 2),
	cov = c(2, 2, 2, 2, 2, 2), len = 6), list(time = c(0, 1, 2, 3, 4, 5),
	stage = c(2, 1, 1, 1, 1, 1), cov = c(2, 2, 2, 2, 2, 2), len = 6), list(
	time = c(0, 1, 2, 3, 4, 5), stage = c(2, 1, 1, 1, 1, 1), cov = c(2,
	2, 2, 2, 2, 2), len = 6), list(time = c(0, 1, 2), stage = c(2, 1, 3),
	cov = c(2, 2, 2), len = 3), list(time = c(0, 1, 2, 3, 4, 5), stage = c(
	2, 2, 1, 1, 1, 2), cov = c(2, 2, 2, 2, 2, 2), len = 6), list(time = c(0,
	1, 2, 3, 4, 5), stage = c(2, 2, 1, 1, 2, 2), cov = c(2, 2, 2, 2, 2,
	2), len = 6), list(time = c(0, 1, 2, 3, 4), stage = c(2, 2, 2, 1, 3),
	cov = c(2, 2, 2, 2, 2), len = 5), list(time = c(0, 1, 2, 3, 4, 5),
	stage = c(2, 2, 2, 2, 1, 3), cov = c(2, 2, 2, 2, 2, 2), len = 6), list(
	time = c(0, 1, 2, 3, 4, 5), stage = c(2, 2, 2, 2, 1, 3), cov = c(2,
	2, 2, 2, 2, 2), len = 6), list(time = c(0, 1, 2, 3, 4, 5), stage = c(2,
	2, 2, 2, 2, 1), cov = c(2, 2, 2, 2, 2, 2), len = 6), list(time = c(0,
	1, 2, 3, 4, 5), stage = c(2, 2, 2, 2, 2, 1), cov = c(2, 2, 2, 2, 2,
	2), len = 6), list(time = c(0, 1, 2, 3, 4, 5), stage = c(2, 2, 2, 2,
	2, 1), cov = c(2, 2, 2, 2, 2, 2), len = 6), list(time = c(0, 1, 2,
	3), stage = c(2, 2, 2, 3), cov = c(2, 2, 2, 2), len = 4), list(time = 
	c(0, 1, 2, 3), stage = c(2, 2, 2, 3), cov = c(2, 2, 2, 2), len = 4),
	list(time = c(0, 1, 2), stage = c(2, 2, 3), cov = c(2, 2, 2), len = 3),
	list(time = c(0, 1), stage = c(2, 3), cov = c(2, 2), len = 2), list(
	time = c(0, 1, 2, 3, 4, 5), stage = c(1, 1, 1, 1, 1, 1), cov = c(3,
	3, 3, 3, 3, 3), len = 6), list(time = c(0, 1, 2, 3, 4, 5), stage = c(1,
	1, 1, 1, 1, 1), cov = c(3, 3, 3, 3, 3, 3), len = 6), list(time = c(0,
	1, 2, 3, 4, 5), stage = c(1, 1, 1, 1, 1, 1), cov = c(3, 3, 3, 3, 3,
	3), len = 6), list(time = c(0, 1, 2, 3, 4, 5), stage = c(1, 1, 1, 1,
	1, 1), cov = c(3, 3, 3, 3, 3, 3), len = 6), list(time = c(0, 1, 2,
	3, 4, 5), stage = c(1, 1, 1, 1, 1, 1), cov = c(3, 3, 3, 3, 3, 3), len
	 = 6), list(time = c(0, 1, 2, 3, 4, 5), stage = c(1, 1, 1, 1, 1, 1),
	cov = c(3, 3, 3, 3, 3, 3), len = 6), list(time = c(0, 1, 2, 3, 4, 5),
	stage = c(1, 1, 1, 1, 1, 1), cov = c(3, 3, 3, 3, 3, 3), len = 6), list(
	time = c(0, 1, 2, 3, 4, 5), stage = c(1, 1, 1, 1, 1, 1), cov = c(3,
	3, 3, 3, 3, 3), len = 6), list(time = c(0, 1, 2, 3, 4, 5), stage = c(1,
	1, 1, 1, 1, 1), cov = c(3, 3, 3, 3, 3, 3), len = 6), list(time = c(0,
	1, 2, 3, 4, 5), stage = c(1, 1, 1, 1, 1, 1), cov = c(3, 3, 3, 3, 3,
	3), len = 6), list(time = c(0, 1, 2, 3, 4, 5), stage = c(1, 1, 2, 1,
	2, 1), cov = c(3, 3, 3, 3, 3, 3), len = 6), list(time = c(0, 1, 2,
	3), stage = c(1, 2, 1, 3), cov = c(3, 3, 3, 3), len = 4), list(time = 
	c(0, 1, 2, 3, 4, 5), stage = c(1, 2, 1, 2, 2, 1), cov = c(3, 3, 3,
	3, 3, 3), len = 6), list(time = c(0, 1, 2, 3, 4, 5), stage = c(1, 2,
	1, 2, 1, 2), cov = c(3, 3, 3, 3, 3, 3), len = 6), list(time = c(0,
	1, 2, 3), stage = c(1, 2, 1, 3), cov = c(3, 3, 3, 3), len = 4), list(
	time = c(0, 1, 2, 3, 4), stage = c(2, 1, 2, 2, 3), cov = c(3, 3, 3,
	3, 3), len = 5), list(time = c(0, 1, 2), stage = c(2, 1, 3), cov = c(3,
	3, 3), len = 3), list(time = c(0, 1, 2), stage = c(2, 1, 3), cov = c(3,
	3, 3), len = 3), list(time = c(0, 1, 2, 3), stage = c(2, 2, 1, 3),
	cov = c(3, 3, 3, 3), len = 4), list(time = c(0, 1, 2, 3, 4, 5), stage
	 = c(2, 2, 2, 1, 2, 1), cov = c(3, 3, 3, 3, 3, 3), len = 6), list(
	time = c(0, 1, 2, 3, 4), stage = c(2, 2, 2, 1, 3), cov = c(3, 3, 3,
	3, 3), len = 5), list(time = c(0, 1, 2, 3, 4), stage = c(2, 2, 2, 1,
	3), cov = c(3, 3, 3, 3, 3), len = 5), list(time = c(0, 1, 2, 3, 4,
	5), stage = c(2, 2, 2, 2, 2, 2), cov = c(3, 3, 3, 3, 3, 3), len = 6),
	list(time = c(0, 1, 2, 3, 4, 5), stage = c(2, 2, 2, 2, 2, 2), cov = c(3,
	3, 3, 3, 3, 3), len = 6), list(time = c(0, 1, 2, 3, 4, 5),